135664.30000000002
139333.79821111215
140677.58472759466
142180.44574864063
149597.55340888593
147188.9532300771
155617.50519407698
160198.59231755682
160589.97925904326
169975.91107499722
166220.66314135844
169107.44108129144
167454.246001621
178053.62312035338
184812.72619999063
184892.23003465353
184676.67077943505
188887.37627807935
183567.78419581061
185760.4008206136
217257.42212892766
206706.66196317546
208128.631783405
195645.59210083008
211495.52679747232
210020.12755271659
203415.3103122507
207816.1312208348
221754.1836294704
214018.0400792846
235196.572866999
236863.8684038373
228960.96037509598
225220.87074767737
222591.1612169829
232620.6400197402
220847.81929196135
231367.8673641722
232281.77193968155
241770.16445672046
241971.62609989554
254099.51519511704
274202.069239152
269951.12314606056
260743.34550555274
247548.86631000202
257880.97195542246
258965.62328587536
250839.3417977689
250207.57440944604
261421.21864029267
261159.6580567624
267868.37812300195
280055.0778009366
265014.1161750402
264763.6832771241
264451.11292677175
273861.45688062994
291923.9102814837
282863.0169767776
312158.7006178736
314490.1399579577
336996.5967811787
320486.6295715198
329502.7301016692
319224.5808973679
313328.35290781176
314311.27821849525
302541.9368477891
303155.37203657196
321828.1868905899
335815.05746661767
332129.5797885989
326538.81439412583
312053.2508558628
343056.5016747157
326911.42210522795
318389.46931501094
325263.9775339152
326986.8173163941
346051.3968684567
362928.89825268526
370567.9786988696
375730.55087846646
362396.333573796
357066.05503161903
375324.33693275554
370437.9185355156
389215.9627564835
359157.51188905584
331921.79676751565
328214.77075965033
333505.93283933395
336387.97092442674
343865.6171572199
342925.05791686417
341669.9788777473
364383.52134221577
356163.817412225
362741.36708010186
381119.6948369623
436515.27635419025
415925.93864381977
413778.8070558831
429872.91666024656
420786.55267532106
417887.1971924519
416118.29236547655
428467.27653139556
411009.3528892137
424845.0632422707
414757.78471469507
377261.00336123054
359498.2807479603
375250.2373662572
359873.6035926276
330518.16290552635
321596.3809269089
326681.73032747064
311532.399502292
291484.29006986844
298332.10411167284
302931.9441377434
320767.6404198858
321947.7765338149
362135.04739633255
414031.7397522814
415242.5652820074
411234.90606631694
405663.6881204368
486252.58762095973
482838.23248282063
501933.0443744237
535623.5904330089
509571.4363238323
505036.00208816875
526714.4594940507
527061.9056724958
494683.58989246987
487074.409319851
510996.28021577495
517496.51922619017
489422.5703020099
483257.98373248184
527402.8654203482
473143.6606529209
454255.0839096178
465324.16960128123
452006.98745538824
427701.6597505687
424395.53822951944
425059.76495570876
438436.84221730946
443680.5831141792
460635.78706201917
469709.4115332042
456006.1774502873
486677.7475004461
462331.42784349434
463802.8869637645
449113.4428723608
472754.7519808659
432357.3842895489
416259.68545202556
411669.5689778123
405332.77920529264
405988.14914627455
393126.8132628237
380107.4986755528
363286.617811142
361584.11289280053
345882.46187070326
359651.52936191636
348451.9505179121
359097.06464814174
344927.2005213722
333414.40376822714
342066.2691400331
348853.7605684182
352752.6458389781
352992.46704106434
343137.4706241495
346544.2926423165
369158.2741714165
378099.6955905099
381715.74618093175
386953.58389678673
372046.7827389417
377583.9776397981
387133.8945363262
373619.2459620067
385926.9217513514
387761.8642846774
407191.6338914227
381891.10720766644
386319.3305315028
396218.88025765045
383110.3500864006
377523.78876112256
376307.49625867873
405938.00787149026
397226.3090209626
383947.34177515097
374515.0228069474
393428.6144352556
393569.8052784641
386803.3664470576
386361.3665269803
374253.60312698194
362511.05402811215
374156.61743869586
376493.3891843207
373155.10993356776
360780.66455126315
360299.6117961219
349598.4550440754
350430.1971314
365429.0914845465
362351.2734194152
357856.77056931326
339570.05095391395
345422.0159164924
335341.5698778581
335701.2227602522
327400.8486205929
321969.40060686285
311303.7907123834
313655.3525700532
313460.3367219173
313408.14897394116
311735.2714572022
308321.92948035337
307084.76933750545
304896.31038986664
304526.89698141895
302136.91172293376
305150.34686529374
306163.8982280646
312494.777715316
311109.2133314897
312574.1325770227
312467.62755683967
310649.41904858634
302494.5711948173
307629.56837491324
309593.6675746756
304786.34632808587
311699.5991162459
324898.02896843257
315768.798811139
319985.96104371216
325976.26269818237
322528.5193747654
335756.74759712646
353838.424456545
350136.30365582893
369389.13156859175
369782.4071457599
379720.1044204812
379926.01593267283
406787.1063064896
419355.4164822941
459935.5762522298
475651.0962387245
482052.60868259805
455574.22031824995
473136.0921961227
485905.60355697345
499254.10771290853
534851.0600632055
555418.3456629653
546343.4550967187
535365.4113725187
557488.1284483045
566449.3930137322
581479.860805269
587363.1182727778
628360.1625214412
607618.1513417496
606948.6170982668
607245.0322573158
613633.3285116606
606978.2336198275
637420.6181296852
639037.437094814
639625.0638448623
564142.2228978339
575640.7224775493
591221.9711534496
585548.2587708918
615486.7577863487
596583.7286745781
550181.5339629616
549626.8469147283
568324.2637958644
557192.2456145415
548079.045826487
536935.8029729921
516634.21867796587
489714.6648268962
485788.5512796037
481958.1736209601
486406.21034112806
451949.3919895802
444885.81576412346
447816.2948360862
448647.5575626563
456396.68969734403
449354.72769702197
441577.8564602933
440055.49139867735
441772.6474742856
446157.6590185867
441401.00508323667
435907.63072605466
437309.5112546039
443088.9227198853
439380.75802779506
440000.0199868154
426853.11299250677
424032.03293300845
426423.4362356731
440913.1710305027
438419.2328328011
441389.9977428806
435996.3425316824
435074.48052193405
448283.0048845155
460375.9755428272
455473.34346111666
443242.2859476342
440756.88635070546
441014.49076089484
446906.9422757017
440641.63720644487
416769.7772799234
398645.97878867947
403768.728482543
399038.64104181255
402226.4653189365
393267.94025733415
396985.60216827795
397706.4911453761
395907.22187788563
397485.94574650406
392137.50075127097
382343.73290225735
373828.43735255935
387924.6407170414
388525.1587611325
399048.08694460115
405250.9532143958
397115.41462362197
394040.81412902253
396813.5236213996
394291.2838932529
389277.59005945973
394893.71279071784
382116.67760602
380448.48427628784
380183.18603165593
378939.9737468506
374902.5764225354
