118632.49
125966.88
120910.78
120272.77
125986.32
127032.98
142079.7
142641.76
143367.64
148849.59
140378.0
151895.52
147153.27
156384.55
165502.67
173705.53
143030.62
168525.5
148988.35
158915.51
206807.26
218300.82
190871.28
174385.32
151704.95
186392.4
162130.66
201209.69
181104.69
190284.62
197331.27
210768.98
237504.32
173273.56
181085.11
215170.64
202636.4
199798.75
230920.6
261063.31
236018.38
252146.73
295145.29
334549.22
332876.42
279686.21
267524.05
244232.16
260899.86
278915.98
212752.83
224678.56
196900.35
223707.94
199622.34
192905.88
221608.26
191659.72
175705.85
209880.93
163369.86
197419.21
182310.56
231016.62
285742.04
316254.08
336606.63
258352.51
207700.76
190840.0
209655.47
210197.24
205612.11
199881.67
256843.42
253531.16
302464.29
319604.39
339125.43
364927.94
400880.36
373330.87
301144.32
246271.95
244132.61
258952.54
287239.66
316431.47
324806.91
361987.89
354480.86
289839.99
338489.36
295296.82
341113.61
393011.45
376676.66
361415.14
365235.41
497628.53
533675.92
474120.94
435501.84
447610.79
448983.85
441925.35
302313.42
299667.92
370332.13
327780.92
327703.03
291902.76
234784.56
241795.34
228226.57
219216.29
200467.34
185180.65
190306.69
175437.62
185461.97
188063.01
201673.19
221228.03
237536.85
218165.22
229706.63
270004.71
372832.74
386493.13
502251.54
494880.3
610043.22
852300.85
815257.06
850867.67
735264.23
606636.52
527441.48
487700.7
403690.21
490903.71
503940.76
478389.6
473554.51
423333.45
421881.07
377385.93
367428.33
362420.58
423754.39
475238.57
518949.62
435185.32
379749.64
473572.75
416402.1
425223.23
408851.12
403796.71
347957.67
370766.94
341122.39
318884.64
260758.46
241813.52
239737.2
254770.31
240714.41
219312.87
210205.77
226880.01
228720.75
251702.02
285292.29
288189.15
299431.15
341573.66
338015.03
296904.84
352614.67
404810.58
391793.89
345603.31
292590.32
313273.29
320503.51
262289.08
266970.36
282677.56
325085.45
341106.51
349986.87
406009.6
349561.19
357384.47
320817.52
324119.46
320380.43
341320.83
387043.51
385403.7
404979.23
387808.42
389096.46
386511.56
374480.83
377715.95
356679.84
319619.43
320392.55
304994.74
301388.51
274219.96
272893.79
274657.27
258768.53
266106.92
273203.18
282820.33
277530.77
285366.6
275286.26
270575.35
280645.18
283271.31
289076.58
313730.68
312910.15
293947.59
275250.32
268328.26
238809.44
248123.44
265398.65
261638.59
269601.84
274323.19
274665.43
263864.29
272648.36
270756.78
267080.77
274294.12
264453.39
260644.17
253147.95
253362.09
251872.61
259948.48
248412.35
251929.46
259148.62
254908.25
280136.3
287055.58
303709.27
320282.78
403739.77
384411.07
399704.9
387676.57
369577.81
421361.53
489843.26
479731.01
589762.32
590241.55
577812.15
562733.54
677044.88
707381.83
853270.06
864755.32
839117.76
646313.36
683478.6
655483.45
689805.11
779459.31
744554.59
622384.44
559309.27
570696.05
570025.08
586397.17
602216.91
565504.0
567099.56
574460.99
550900.2
536380.31
470494.18
436573.46
407430.83
378368.09
356181.47
352428.54
354121.59
312370.87
292959.05
282795.83
279934.92
301332.11
340173.61
332093.15
347332.32
382028.96
417544.94
402012.9
409746.32
415894.42
457567.86
451543.24
443128.14
425114.1
436416.63
431564.43
417713.16
394882.82
397192.17
378574.85
386520.96
382557.6
384911.57
345063.98
353073.8
343737.51
361766.34
327998.91
315563.49
309028.4
321717.42
325120.69
331458.48
311639.29
313738.83
337250.68
334591.0
333833.18
346293.43
367333.72
385028.07
383311.7
372051.77
347873.72
347334.25
352675.52
381267.98
368585.24
365290.57
367166.43
363986.9
350431.49
335033.79
312242.88
291590.74
286615.84
297985.12
296474.62
316059.35
329464.7
320916.7
