52752.97
54337.99
54512.68
56205.42
55834.12
53741.99
67347.9
66964.67
64575.87
71617.04
55648.96
61774.33
66993.23
68110.13
81465.35
69978.21
55422.52
67186.75
74710.05
71146.08
80745.08
77121.6
69082.04
67058.76
84957.88
68644.21
63661.42
75998.72
69474.46
64610.15
80568.27
85716.16
70466.19
77674.18
66596.85
88405.99
73300.72
80339.22
70007.81
72376.69
75579.51
94063.68
84857.18
76851.29
77751.99
75407.9
74250.98
86672.98
78769.56
73607.2
87878.87
74494.62
76666.18
93220.29
70782.07
75019.85
76646.69
72678.49
80771.08
89552.22
75446.35
84319.43
112676.48
146255.18
108187.92
96256.22
76436.83
77078.88
82250.96
77422.79
75980.24
76147.22
73563.35
64840.18
73245.29
94863.96
101781.96
93151.63
98969.18
98002.33
104384.22
110152.32
112562.59
110431.83
147177.88
138887.33
134571.76
115293.45
116064.79
111085.65
90752.94
81474.81
82079.72
78450.38
102520.18
96848.59
90129.65
90691.59
89732.32
87106.64
74198.26
72736.15
75235.75
76977.72
72888.85
79180.47
77128.64
70194.39
75162.98
74332.57
65752.38
69805.0
63631.94
65230.49
65114.22
66687.0
68718.77
70094.49
73204.44
81810.41
83973.03
86771.38
87336.31
121939.38
124404.93
145265.54
184473.5
211207.78
258212.5
202320.14
199299.14
183855.75
200326.67
200955.98
153909.2
144290.29
153006.9
137033.24
136909.67
129300.27
132748.55
128664.12
136968.14
126001.17
126364.39
123944.07
117663.1
115687.49
102369.82
99486.17
92922.37
90955.82
98246.63
104880.61
123484.84
120079.01
120477.88
136531.84
125947.19
116989.93
101919.56
109829.4
111742.72
110914.92
109937.54
105263.01
107634.65
109827.1
104086.61
94957.07
107675.44
98965.16
96047.95
95809.08
93358.37
92892.47
86513.35
80668.73
83220.59
82129.63
86060.79
84487.07
84599.71
83065.43
79775.58
89591.86
86363.68
79643.52
82820.69
79756.45
88570.82
99832.36
106464.94
113496.72
92322.81
81481.32
94273.33
82020.97
91038.52
98098.61
114342.97
109121.93
96185.99
88763.19
89954.57
93678.27
103851.16
101801.12
100282.14
87541.91
92048.21
107373.16
98792.6
100512.13
98385.45
93359.13
93885.25
96389.79
96494.12
95462.43
87726.96
90230.32
84146.32
82965.09
74025.89
70977.38
63730.67
61890.65
62454.86
62186.12
60788.32
62796.36
65126.66
66536.58
69493.29
71544.32
71905.76
71750.56
72618.43
77879.31
80800.39
76095.46
77672.58
75704.35
73363.57
71024.33
67779.41
72979.45
74409.87
70229.9
71676.07
75610.56
73723.14
73474.83
75604.38
85513.39
90104.84
88786.38
89786.38
89832.56
92162.66
90934.87
88089.15
87800.1
87835.28
89496.68
86175.19
86784.21
87863.01
80915.53
78416.52
77840.3
78378.71
75192.21
73668.21
68327.59
68021.41
68989.94
64316.59
61613.13
67975.09
68786.74
67430.32
66003.29
68172.57
65317.39
65276.56
64880.56
63846.4
64745.12
66517.31
65696.18
66974.1
66045.15
69392.61
73634.61
73252.74
73895.15
74823.92
74893.19
72801.67
73827.75
73501.13
72792.97
73117.09
74783.16
75223.48
75994.33
76564.83
80497.91
85424.69
88496.64
88540.71
89497.98
84786.71
85315.53
85450.54
81800.47
82059.75
79859.65
77120.58
68698.05
72457.21
71642.01
74661.07
74773.22
72300.81
73965.37
76613.05
76996.02
79443.13
78750.39
78572.83
79961.85
78824.71
78703.42
79433.29
79308.1
79508.43
78290.41
76995.84
77129.62
80725.02
81413.61
79238.75
78352.44
77901.77
77361.29
76895.77
76377.53
76420.49
76344.89
76547.91
76062.01
76475.73
76404.88
73362.32
72780.01
74615.32
73997.23
73435.89
74797.93
76092.27
