153941.67
153229.16
155613.46
172930.41
172170.43
165660.29
173760.08
166464.43
185992.34
184724.62
200793.71
197247.48
186832.25
207021.97
204596.12
199157.62
209889.25
206785.92
186365.82
196960.85
253822.99
213282.02
241985.55
235550.29
225838.18
228654.12
233478.1
242784.45
274751.63
242463.39
224429.26
243148.69
232925.34
325463.74
304742.88
257848.66
266372.2
283468.81
237641.7
224920.04
252518.57
263726.77
292034.1
275199.75
234001.79
244067.62
294361.26
269025.76
301194.61
259461.59
396872.82
355670.49
388580.34
391326.4
356908.8
414293.51
377817.41
428728.77
447892.37
457312.62
536026.71
410054.96
285759.47
282923.35
295914.74
361722.99
284953.5
326804.68
413604.75
410226.05
430928.33
356388.37
255542.64
266926.81
267404.01
269855.56
311930.36
342812.91
304532.83
294160.81
308122.41
340670.5
400932.08
505750.23
524959.97
440641.76
443161.31
273880.23
310314.6
258012.76
281716.77
307593.4
302214.66
292623.12
285164.38
289884.56
266722.39
325578.91
321135.81
377786.44
361959.49
429386.38
577283.98
639468.21
587547.82
671724.97
717932.58
685949.62
741520.68
654516.14
620628.08
584674.06
659664.95
589293.52
596110.21
615697.71
526441.37
463675.9
548265.33
426350.71
335035.2
321059.71
316340.08
274336.52
257301.93
268283.08
279760.04
275977.73
257149.6
266384.56
310957.34
317632.05
399452.1
377100.74
341393.6
390845.89
485125.62
585937.38
519208.17
533697.04
666241.97
698739.27
612609.52
590437.29
655702.35
586785.34
524315.28
535132.37
541323.66
528890.65
539596.22
530716.76
508353.57
637287.78
714944.89
651803.33
644569.43
685342.22
711281.06
760596.56
671150.25
614365.16
525945.15
595363.57
604161.87
579540.97
589668.63
575029.92
520893.17
539036.59
505447.22
464181.0
532937.1
534064.68
532664.25
423343.42
333332.93
337870.96
392995.88
419237.22
367849.4
363100.46
403269.18
454450.28
490359.36
395830.96
430188.0
457747.3
502826.47
509252.16
445271.94
446458.79
465412.62
465873.16
422309.75
377004.02
441597.01
493329.13
475429.01
520895.52
538110.41
452948.35
419455.93
384157.53
413762.0
404701.68
409092.56
427343.56
431328.77
434338.33
497393.06
549219.91
611452.17
583955.12
564479.8
575878.88
540584.86
519569.05
468383.6
421577.47
391724.98
396894.88
383220.0
401064.19
368124.32
361111.24
350955.12
339972.08
355539.44
356150.71
386513.6
394171.23
401589.16
399933.95
391276.21
404063.12
402660.82
409672.2
431492.9
437937.96
415390.09
390833.42
385660.43
343578.95
358759.89
375859.72
366063.92
377592.92
380238.32
378109.91
374026.92
381427.94
377598.13
378558.08
392226.4
376458.31
370289.46
364053.16
363316.2
363329.4
372063.18
371042.88
385248.48
406211.77
396864.43
436920.73
449477.33
497719.8
474796.91
525271.83
499947.25
518957.04
519404.38
551294.56
626142.21
741001.23
736015.11
879981.92
848826.11
816085.34
754443.94
890241.99
896113.59
1067874.29
1090050.07
1111629.5
906369.38
933651.59
883030.1
945688.04
1067264.57
981830.92
799955.63
709041.5
740664.04
796749.73
802987.18
814987.72
750403.02
748325.51
740611.01
694677.7
695401.7
639947.33
622406.32
608202.02
565249.66
527722.84
526085.92
531278.46
474431.53
454703.05
428926.82
422788.96
445271.2
479304.56
487777.19
495548.93
550210.38
593351.23
576515.14
602317.63
603982.57
663620.67
643946.27
629954.13
611319.69
630355.78
616752.2
592530.2
554225.42
545867.67
545626.51
554237.19
558728.85
549961.89
496154.86
503954.49
494039.59
519807.85
482928.14
456899.94
453152.39
461006.31
468529.4
481278.71
452989.37
450030.13
488870.89
460348.54
459537.12
459252.67
458197.13
441132.75
423340.46
421151.6
391114.56
379403.1
350440.08
353173.13
382927.68
376571.33
397209.52
