152083.61
156708.09
156938.61
154805.85
176407.74
175262.06
171398.33
183524.71
167822.24
207738.84
195308.11
198512.74
177587.25
210168.57
216026.23
200173.21
276993.01
203117.0
225926.16
206670.34
236148.39
219823.75
239018.7
215494.88
271655.47
245390.83
238002.45
217715.21
275856.47
249907.36
314049.16
273102.38
248122.05
236134.72
275065.51
269521.91
245426.51
237306.29
219777.61
273987.36
286648.09
278292.55
289463.78
323230.4
401132.08
378854.29
342731.91
385149.16
368601.37
386721.65
415624.29
373815.16
399390.61
415629.51
362344.89
368202.89
352317.13
322675.27
395617.21
312810.88
286465.38
244517.79
266038.98
264892.91
330822.6
326924.09
394975.58
420669.07
359566.23
373142.55
348798.13
325715.42
319673.72
367143.11
320822.46
476972.98
463861.94
386055.25
441952.28
503979.41
551181.66
615175.43
625185.39
551279.28
401500.34
370778.04
333815.69
343245.21
458695.37
517332.49
545356.21
601780.92
526207.78
610408.24
538107.87
547819.08
628552.16
818842.97
832719.33
711415.46
693074.42
1064604.79
1022684.67
961581.89
973120.07
928390.66
933933.41
886888.09
779034.96
746170.38
802376.9
869159.55
665609.11
560524.84
632733.08
498922.55
409390.15
420703.17
372932.87
375661.45
356139.38
335265.29
308950.74
320308.08
341922.51
328294.28
352391.6
376982.69
385663.75
454232.54
613474.13
654792.22
661248.45
775044.33
912276.53
900393.26
1129321.22
1242150.78
1152251.51
1005305.96
1216929.31
1076018.63
925484.99
925419.24
1047062.09
911553.83
864474.81
987868.93
882854.09
834579.46
712190.01
685022.38
714517.9
765665.28
962347.08
939311.94
939492.44
974067.71
882689.15
986785.26
990246.89
1017748.33
849905.3
672090.59
670289.68
653502.88
621986.99
638406.07
613920.64
507739.23
497523.54
489044.25
490169.22
430617.9
420007.52
410829.18
442837.79
521431.46
526746.85
584558.27
619964.46
589519.98
569334.64
683108.43
756316.45
768217.06
672768.84
662164.95
634253.93
656831.3
494385.29
531355.03
559017.55
634482.28
605978.08
681977.11
715509.08
675370.67
608538.27
558937.95
626221.77
640074.04
603906.19
614039.85
724892.16
776032.55
788461.68
780646.1
743365.52
736289.41
762003.22
735550.23
670947.81
656436.32
622971.86
549028.5
553577.01
555273.36
545126.95
504188.01
480107.91
515666.67
491656.96
498338.2
536454.41
551364.22
524675.43
540058.43
543880.37
571583.26
580225.57
594684.71
609801.6
569134.13
547177.02
524798.44
515082.82
508435.7
520105.27
500645.79
522916.6
531274.31
520315.16
510753.55
511513.03
521816.24
508243.51
533753.41
520852.27
509286.31
502354.68
504117.08
497149.46
503743.13
489389.9
489864.09
484802.15
518526.14
534938.52
548032.47
569653.2
639256.53
777270.78
783072.8
712966.73
708166.77
686562.97
750615.28
885621.59
987863.7
1106614.97
1125558.4
948294.39
1097788.41
1063541.76
1267676.34
1280535.85
1561740.61
1354686.58
1229547.07
1242396.04
1225075.91
1312943.37
1275129.64
1292844.01
1276894.69
919510.4
922756.84
1021033.67
982808.48
1061158.16
989729.89
954567.65
1006826.9
979874.77
966191.51
922173.47
801636.13
803040.64
729736.57
726458.83
669201.61
647289.07
577315.59
537368.12
561851.24
549388.44
557115.25
590769.15
639904.85
642106.87
688292.83
717857.93
726786.03
744470.48
767468.57
853681.52
898272.64
851641.39
798515.85
816472.62
806377.18
825954.01
744543.03
735113.69
711405.29
709546.87
746349.81
740985.35
734582.94
636091.2
645006.68
684133.01
676781.15
642425.89
613224.25
603919.46
632002.9
633432.84
609577.29
611074.35
613632.76
643299.48
615380.15
629849.74
620588.75
624526.8
625887.04
647689.97
641937.12
686582.03
713923.41
696012.46
711528.01
678830.55
688585.88
741210.48
827363.69
780982.55
767590.15
738750.93
697388.27
682366.74
