154026.49
150901.8
151485.33
151168.19
172043.2
154604.13
160328.12
174015.93
172047.74
171872.84
199596.23
189023.07
176765.94
168243.45
185335.55
217693.33
177315.51
242977.94
237916.08
215695.82
214599.35
210200.88
239306.26
212476.99
243895.69
237800.1
210840.84
246928.97
230319.57
232792.1
227773.25
222957.79
278562.08
208216.36
247282.72
225535.09
251778.07
310151.21
388217.12
295708.93
249091.76
260844.3
283121.65
240572.21
204923.18
230920.99
225022.48
244115.31
232751.1
240237.35
221105.7
278754.71
282791.52
281261.04
302074.52
287428.08
345158.21
343231.94
386900.74
382916.39
473371.84
476659.76
418355.22
411844.99
343197.99
311730.73
398937.73
333024.59
342710.4
380630.05
433952.25
581136.79
438316.79
304498.9
249666.88
302958.1
264869.4
295570.41
342343.93
376233.35
368289.98
331952.53
360739.65
414448.0
395642.4
457801.88
488666.42
480837.56
351116.5
338176.58
228039.06
304292.83
299676.8
289927.84
253271.13
255640.02
238580.99
226073.97
205361.91
221246.62
282965.43
321261.53
227307.81
222217.78
326233.41
344304.75
415064.5
486822.24
482536.6
439857.36
419775.15
426659.11
403979.51
428401.42
500486.1
530740.62
444312.82
452756.83
498996.56
450867.18
442916.59
424285.74
429220.42
328066.81
247944.72
227956.7
219458.79
218564.38
241051.2
253756.11
247505.82
262423.01
278586.55
308668.78
349042.15
348498.72
302956.18
289567.62
337946.22
405519.0
418968.37
473248.75
421031.09
441499.69
589710.01
508631.58
476980.44
455762.55
432929.14
365964.88
371067.89
372031.57
410963.91
409640.65
370669.02
368848.22
390156.53
431975.91
433332.24
444234.86
515407.35
609577.17
587161.97
493205.01
458194.88
463251.05
511683.73
506255.81
501615.76
513345.67
460257.65
441658.06
441612.92
403176.65
380635.98
403152.34
403353.87
353585.56
358518.75
371148.08
373661.19
326710.85
312949.03
345533.23
410925.69
380177.78
417565.48
383784.67
381188.42
340556.43
368007.26
394217.54
432473.14
445051.25
398996.79
392016.81
394262.29
386940.85
364613.25
340980.82
367313.63
401595.95
410899.52
409229.04
386898.16
361096.97
331104.94
305207.79
308414.04
315064.89
330896.76
310005.47
328549.31
326728.97
357379.53
368805.94
429459.15
466558.92
478478.6
518530.74
467364.99
414184.65
400856.53
383816.71
359648.59
344035.01
323837.7
321855.65
282907.71
301234.6
289969.08
282176.3
283722.59
277744.96
292905.61
294357.98
333091.98
339138.18
335379.87
319596.49
315667.18
322959.64
330013.15
333350.22
354540.08
354814.88
332561.37
311328.43
311188.69
268840.78
285985.75
300715.69
294085.77
301998.75
308553.3
311455.46
304577.5
312850.76
309466.39
309216.47
322998.36
309085.93
304731.65
299640.28
302532.79
306099.49
319783.13
320282.96
321606.77
343162.18
348517.08
379136.64
367675.34
365364.26
385092.89
430919.46
412088.53
434633.78
460730.14
465985.15
510899.17
642396.6
616991.09
733627.31
676753.34
650875.07
600421.34
687677.83
757974.7
853401.42
892738.61
911365.24
736541.01
762366.9
727929.72
739934.68
800975.12
763004.82
652607.15
574610.27
580280.36
625517.49
657828.17
674601.67
604324.06
581057.2
616405.76
634707.14
581675.32
529554.09
527263.24
504390.65
463361.97
437289.8
436816.31
447001.68
395248.82
370177.03
369084.89
361750.73
391365.71
443152.77
450925.04
462674.97
496389.96
549384.75
517490.16
512739.17
514985.25
555147.68
546857.79
531032.6
512817.74
528596.02
509815.0
485255.17
470212.93
459666.83
449796.92
453004.78
463617.94
462076.22
415746.9
423280.61
418062.99
440316.32
406638.13
388481.09
379902.77
392132.01
397919.96
408421.84
385301.91
376563.75
409475.33
383452.05
373561.12
377136.37
378967.23
365081.77
355229.22
353431.46
332429.52
