122657.2
126771.52
138207.39
136625.54
143361.91
141415.54
137579.68
147770.01
154364.51
146680.63
151311.59
150169.9
151857.49
181015.92
168615.89
175800.47
153930.82
189909.31
161400.54
176552.51
195351.92
197309.37
203912.17
176117.25
174229.8
206184.72
200975.04
187534.29
228194.55
214002.07
249281.09
254069.23
230332.17
259366.4
180306.01
201056.83
223030.04
228661.01
180243.86
191784.44
222175.49
225663.0
206752.48
203753.32
172563.3
202785.31
251163.96
227220.06
186505.07
239288.04
185651.67
262019.31
241477.91
230036.74
247959.51
246297.24
211017.05
259869.22
255568.19
238254.48
305105.07
347442.29
480448.22
319947.44
381863.65
336309.39
319551.92
323954.55
302174.48
311291.05
284997.25
332150.26
400676.27
478695.35
515976.82
586179.03
435587.65
397451.13
355504.64
267945.71
273215.71
254271.95
294156.61
380777.89
314652.94
312446.38
318855.71
339411.48
353829.66
294706.17
287509.48
307357.19
366236.82
392011.46
431708.29
429389.28
371841.05
406073.76
391771.17
340365.92
441207.12
458873.33
338885.02
318989.11
369416.81
276712.88
265763.63
298196.15
265592.63
257934.0
278445.46
342058.81
311814.42
306482.38
299728.87
284833.19
281572.26
291431.09
281697.5
272882.65
293936.67
355243.68
366108.07
502854.47
560182.27
832798.52
1095887.3
1002348.19
750147.24
756431.59
985005.97
937176.45
815444.37
682308.27
535444.23
421084.21
427174.79
466141.88
439083.28
472360.38
421100.28
376016.97
366609.96
368925.06
373464.81
330958.42
305788.94
330304.88
384500.32
396613.43
416477.26
431897.92
412055.06
388823.17
319886.25
320587.46
324859.63
363848.82
326908.1
254449.32
238483.88
255234.03
239380.15
262122.05
245624.07
280746.13
266092.77
276430.99
299091.76
333523.74
360747.01
303829.59
343892.0
359300.65
387342.84
376175.65
330460.64
341192.23
353081.96
358364.85
314123.58
289785.87
315747.19
352648.6
336139.12
397788.57
435618.01
450380.91
447810.27
470190.51
476737.95
458279.34
425612.14
381510.77
371736.26
383873.22
398483.97
395019.04
410712.04
366485.01
364858.02
372992.74
371865.37
354676.37
345583.29
324313.22
318760.46
324700.82
315732.71
332834.44
323654.7
327748.79
314763.61
303261.77
310316.53
309491.85
313276.76
332624.94
339272.87
319029.35
298661.36
294757.94
271620.5
280670.38
296664.86
281453.07
294296.65
287508.9
290771.35
290372.67
298241.41
290736.62
291686.25
303924.15
296353.73
287933.77
281306.79
280579.67
277133.4
282501.05
271466.99
278533.84
281370.51
274861.54
292459.73
294287.22
311861.7
325533.04
402029.66
386184.25
423865.05
440200.77
448324.01
526423.23
619698.05
563794.59
680195.44
630278.87
586862.65
600791.89
718172.3
766981.11
922450.75
959876.04
978716.74
793648.83
796500.23
786796.02
790189.57
900235.09
828350.27
689148.53
603697.9
592912.31
618195.76
653705.56
663481.33
583485.49
585471.7
574704.6
590545.19
560738.74
510248.72
504118.28
478428.2
430960.38
403051.33
385909.12
382714.3
338045.63
315195.43
311055.15
306371.11
327944.16
361076.47
363175.91
374749.35
422773.66
456155.61
433786.1
449661.61
454216.2
493008.17
478377.77
467460.6
454195.73
467790.76
469267.61
451886.18
423523.01
415813.92
408680.63
417675.41
426941.04
418228.28
378145.56
383353.95
374143.01
406792.21
374849.05
371389.14
394154.14
432725.54
443969.96
446843.65
420143.37
421946.93
472380.98
505034.73
476147.45
497370.09
492834.91
460830.36
439825.14
414806.63
387559.33
369947.44
354904.14
358012.19
362606.35
365487.57
380697.75
387787.88
379300.39
380473.42
353674.78
346431.41
348583.51
359947.98
380349.81
412848.82
438030.13
437129.19
444325.07
478779.61
496808.89
496272.04
478314.47
440326.32
438290.39
437655.31
444043.27
444629.39
