135664.3
143591.5
142861.36
138428.3
140332.01
151927.23
154239.47
158935.15
158225.58
173713.27
165566.38
167692.19
184895.83
174062.15
172176.28
175381.2
228153.23
169225.82
168622.52
192436.24
237228.57
211546.9
198186.7
215890.07
239621.27
222552.52
248724.88
196089.12
223046.63
236027.26
259255.75
261295.78
223191.67
210914.66
248629.29
266245.45
203580.21
196899.23
235090.33
292516.39
286160.79
288443.78
370048.88
341328.52
309182.74
238352.8
267147.63
263586.49
249420.82
193311.82
240063.4
197378.06
237868.17
247043.46
266711.92
220683.25
215978.02
255542.52
263751.4
226884.91
321940.37
375215.15
471696.18
400850.53
420998.72
368427.39
303522.67
391624.94
347432.54
330809.12
429300.36
430648.69
561001.47
530047.83
389853.43
289029.95
276990.05
277260.33
277167.42
283011.59
305694.79
407697.85
406017.65
340826.93
361814.72
378279.91
481315.31
588236.35
671335.98
501788.72
431092.47
340672.04
331617.14
323940.16
321437.07
257745.95
311990.81
238531.07
204690.87
207234.17
192269.04
207792.69
223924.64
216761.32
226437.91
207060.27
255817.6
235370.18
315297.64
395940.97
489673.37
345270.49
332901.62
336576.7
336214.94
326767.34
375751.23
354122.27
313965.12
359938.78
284181.1
301483.02
327934.86
306166.46
292331.03
260706.7
194841.39
174124.54
175586.73
177258.95
188134.32
209402.17
211550.78
207674.01
224590.0
270841.03
278452.62
248261.01
238812.36
272552.66
266475.51
321859.99
355660.66
368941.03
380961.51
364842.25
403201.54
408616.72
409422.32
352030.73
348905.12
313891.44
319847.68
302893.15
303818.15
345820.36
296971.22
313566.85
287403.08
260740.45
291235.7
334340.16
345461.02
415379.71
495170.35
477871.27
471470.76
350212.26
338487.83
299007.84
320160.31
336846.77
332760.09
297636.47
339578.59
335322.94
359438.55
344697.19
318899.41
304346.98
292630.26
267617.33
272074.28
271030.71
266418.64
274418.8
291211.26
269315.06
284852.07
326851.41
330956.54
333133.98
279823.27
303658.52
360753.28
375541.82
348784.75
285254.27
304934.37
328226.39
344992.81
322814.41
295574.37
310824.24
343434.64
346419.18
304251.88
309857.62
289904.58
261738.43
248487.19
234838.08
238473.99
230001.87
245835.37
228599.25
220675.68
273765.62
280145.17
305219.81
318537.41
358984.49
386394.17
380650.12
332645.0
322918.97
296598.9
294808.29
306498.53
287557.49
267575.79
241952.04
238621.56
238490.23
230781.54
229804.34
223978.25
221302.43
240477.67
249244.86
257611.42
271075.0
263480.11
253083.36
254117.54
251714.38
255883.05
261322.64
276427.79
281055.59
273052.79
261708.18
240617.59
238624.3
222688.4
236126.47
227309.23
237835.67
246399.3
242947.44
238543.09
240513.5
248836.08
239810.29
253605.36
246081.19
244727.38
242641.01
242371.22
250273.27
261126.67
257734.94
275009.99
277436.26
292649.6
269125.79
267291.55
274696.9
289246.64
336749.69
348160.51
343422.7
367121.52
357279.16
406948.86
470187.08
498818.79
537477.21
545942.62
439731.86
485280.19
498855.31
596909.62
621101.36
766561.48
660846.89
590613.04
592524.78
562067.55
581858.34
569122.3
597966.72
580758.94
429610.55
459981.49
511293.4
501351.59
522360.8
468341.3
450422.1
476929.3
478240.62
483697.46
464989.35
422740.5
436648.35
419282.4
393905.53
371689.21
362588.46
323805.45
298969.72
313205.64
299655.23
302870.27
326728.99
361651.7
359304.07
395207.59
422153.09
449906.88
460131.12
464632.43
506720.81
529441.8
470858.98
428161.73
431457.87
413591.38
430569.59
375570.91
382379.99
367748.24
376080.92
389362.43
388917.5
381229.46
331910.88
340391.85
357362.81
354527.36
334756.26
319189.03
315353.31
329057.53
333853.61
319032.61
315714.03
315855.36
331514.81
317589.11
327070.74
318317.4
